AA2090T3
SHYqp degree: 16
Solver: cvxopt
---Convexity check with Hessian leading principal minors: min(det_1), min(det_2), min(det_3)
-1.8846126253380246e-31, -2.7533531010703882e-14, -9.980904991380157e-14
---Convexity check with Gaussian curvature: minimum found  = 0.0008260779379597412
---All stresses square root error: 0.0043
---All r-Values square root error: 0.0079
---Tension/Directional Stress: Theta, Data, Predicted
 0.0, 1.0000, 1.0000
15.0, 0.9605, 0.9606
30.0, 0.9102, 0.9104
45.0, 0.8114, 0.8112
60.0, 0.8096, 0.8094
75.0, 0.8815, 0.8816
90.0, 0.9102, 0.9105
---Tension/Directional r-Values: Theta, Data, Predicted
 0.0, 0.2115, 0.2115
15.0, 0.3269, 0.3269
30.0, 0.6923, 0.6914
45.0, 1.5769, 1.5791
60.0, 1.0385, 1.0384
75.0, 0.5384, 0.5376
90.0, 0.6923, 0.6933
---Tension Balanced-Biaxial Stress: Data, Predicted
1.0350, 1.0380
---Tension Balanced-Biaxial r-Value: Data, Predicted
0.6700, 0.6749
---Compression/Directional stress: Theta, Data, Predicted
 0.0, 1.0000, 1.0000
15.0, 0.9605, 0.9606
30.0, 0.9102, 0.9104
45.0, 0.8114, 0.8112
60.0, 0.8096, 0.8094
75.0, 0.8815, 0.8816
90.0, 0.9102, 0.9105
---Compression/Directional r-Values: Theta, Data, Predicted
 0.0, 0.2115, 0.2115
15.0, 0.3269, 0.3269
30.0, 0.6923, 0.6914
45.0, 1.5769, 1.5791
60.0, 1.0385, 1.0384
75.0, 0.5384, 0.5376
90.0, 0.6923, 0.6933
---Compression Balanced-Biaxial Stress: Data, Predicted
1.0350, 1.0380
---Compression Balanced-Biaxial r-Value: Data, Predicted
0.6700, 0.6749
--------SHYqp-Coefficients
---P-Coeffs
0.0
0.0
0.0
0.0
0.0
0.0
0.0
0.0
0.0
0.0
0.0
0.0
0.0
0.0
0.0
0.0
0.0
0.0
0.0
0.0
0.0
0.0
0.0
0.0
0.0
0.0
0.0
0.0
0.0
0.0
0.0
0.0
0.0
0.0
0.0
0.0
0.0
0.0
0.0
0.0
0.0
0.0
0.0
0.0
0.0
0.0
0.0
0.0
0.0
0.0
0.0
0.0
0.0
0.0
0.0
0.0
0.0
0.0
0.0
0.0
0.0
0.0
0.0
0.0
0.0
0.0
0.0
0.0
0.0
0.0
0.0
0.0
---Q-Coeffs---------------------------------------------
0.0
0.375766147136624
0.022106627483429897
-0.15804086959918587
5.827911460383171
0.7690972113265395
-9.193242311639718
1.820915738488569
22.08404300163147
-3.933108943409925
-6.64954672541581
-1.4350621536095636
1.4961176259311324
-2.0509334726241537
0.19665680044586192
-0.20431980499513142
0.07972160613270614
0.21119490025375867
2.6743092961953523
3.3570473869389326
-1.9393014574131178
25.35446820948326
16.862994061121324
30.201992822165334
-15.182109092115306
-25.21933351309051
-15.99026561801386
16.594220886260967
-5.0672995750499625
4.7793068049786225
-1.2518709654610032
1.5409691153599419
0.8389493491117507
8.25472183168406
14.68889556088381
-0.4787748937827489
15.322600600477763
36.67857001180072
69.52591851012257
46.02879324707748
22.36507972255904
-9.241229832193344
30.060793515584606
-3.276277227076008
2.2644135322729437
0.7352146456216417
-1.4962530216355405
47.438933004031234
-44.0613689795925
24.47352842922588
-34.71349723498158
64.5267276657271
12.157413551004865
24.646589589165153
10.493187653044224
17.97388958878426
5.092332623571836
16.582039762132638
54.095901280377184
30.855497611577697
49.85331642380129
-11.288879199887939
48.10834782220878
-20.996140208438476
12.91035943837271
1.3683056836402014
-15.907780842666
25.75060925232974
4.397290874631709
45.176332678960705
5.024789437224236
14.63445476477937
3.3179259208273497
0.1111970037861508
10.216151267880118
0.5094239898316105
6.9391652880520525
1.6226217141709098
-0.09101045898804394
2.1667300202523463
0.2805831811459915
