AA5042H2
SHYqp degree: 16
Solver: cvxopt
---Convexity check with Hessian leading principal minors: min(det_1), min(det_2), min(det_3)
-5.720624550914886e-17, -1.7763568394002505e-14, -7.019688649800848e-14
---Convexity check with Gaussian curvature: minimum found  = 0.0010218622310070315
---All stresses square root error: 0.0198
---All r-Values square root error: 0.0658
---Tension/Directional Stress: Theta, Data, Predicted
 0.0, 1.0000, 1.0000
15.0, 1.0000, 0.9984
30.0, 1.0174, 1.0143
45.0, 1.0149, 1.0130
60.0, 1.0174, 1.0133
75.0, 1.0373, 1.0333
90.0, 1.0448, 1.0358
---Tension/Directional r-Values: Theta, Data, Predicted
 0.0, 0.3540, 0.3540
15.0, 0.2390, 0.2708
30.0, 0.6400, 0.6434
45.0, 1.0690, 1.0684
60.0, 1.2790, 1.2792
75.0, 1.2240, 1.2239
90.0, 1.3960, 1.3966
---Tension Balanced-Biaxial Stress: Data, Predicted
1.0715, 1.0633
---Tension Balanced-Biaxial r-Value: Data, Predicted
0.9910, 0.9572
---Compression/Directional stress: Theta, Data, Predicted
 0.0, 1.0000, 1.0000
15.0, 1.0000, 0.9984
30.0, 1.0174, 1.0143
45.0, 1.0149, 1.0130
60.0, 1.0174, 1.0133
75.0, 1.0373, 1.0333
90.0, 1.0448, 1.0358
---Compression/Directional r-Values: Theta, Data, Predicted
 0.0, 0.3540, 0.3540
15.0, 0.2390, 0.2708
30.0, 0.6400, 0.6434
45.0, 1.0690, 1.0684
60.0, 1.2790, 1.2792
75.0, 1.2240, 1.2239
90.0, 1.3960, 1.3966
---Compression Balanced-Biaxial Stress: Data, Predicted
1.0715, 1.0633
---Compression Balanced-Biaxial r-Value: Data, Predicted
0.9910, 0.9572
--------SHYqp-Coefficients
---P-Coeffs
0.0
0.0
0.0
0.0
0.0
0.0
0.0
0.0
0.0
0.0
0.0
0.0
0.0
0.0
0.0
0.0
0.0
0.0
0.0
0.0
0.0
0.0
0.0
0.0
0.0
0.0
0.0
0.0
0.0
0.0
0.0
0.0
0.0
0.0
0.0
0.0
0.0
0.0
0.0
0.0
0.0
0.0
0.0
0.0
0.0
0.0
0.0
0.0
0.0
0.0
0.0
0.0
0.0
0.0
0.0
0.0
0.0
0.0
0.0
0.0
0.0
0.0
0.0
0.0
0.0
0.0
0.0
0.0
0.0
0.0
0.0
0.0
---Q-Coeffs---------------------------------------------
0.0
0.2754566276931302
0.5424514260286225
-0.6589803135226563
2.9331330902455464
4.463375415111856
-1.889390017984559
-7.05655030074913
10.81659592868215
7.305446385911962
-5.842784930557779
-5.42796976124129
-2.697803880079686
0.5433057387717302
-0.2987416051822071
0.00491187618582409
0.015841895649944895
0.11215059558350254
2.909369394147481
1.0372331783347737
-3.564923621350242
29.175405068837563
30.787228117873788
-27.9208470018018
-25.76542065369826
45.734694084432704
11.704513942139144
-16.96942310203574
7.3597840894873015
0.30862437253519437
0.4592677380628966
0.31211629236008553
-1.4971694647041471
4.971531426080558
10.076393777338483
-16.527155333699383
-18.789503536511887
40.777472775991875
74.45501424927517
7.416187248186526
10.731315531544158
5.519702685496127
-10.147466804788339
4.650563391310304
0.6967606049283829
-1.8940027260013015
11.801094020296802
46.997131495133104
17.16318472241733
-16.749361450708495
-67.26721702579452
-25.895600899720623
-7.5161709478797984
-6.020140779271678
5.150212730347551
-0.33164591940562405
-1.784709287880546
-18.00742740143406
-5.9113606723227505
36.95702407651138
70.81186979054542
16.402321539346808
23.544988073414412
15.892856160897576
0.2950498818539288
0.31377477481472377
-10.898768363891685
2.2503600670976143
-8.74602405644069
5.06942449058038
-4.220531386361745
-2.2551203967141187
0.185173339278468
-3.268052184950434
-1.0434456379054624
-4.16090767062446
-0.9360915838004202
0.39396315805380877
-0.3981348566803746
0.2464301658414862
0.07152471153473076
