AZ31B_Andar2012_002
SHYqp degree: 16
Solver: cvxopt
---Convexity check with Hessian leading principal minors: min(det_1), min(det_2), min(det_3)
-3.552713678800501e-15, -1.0413891970983968e-13, -2.4166085799137704e-13
---Convexity check with Gaussian curvature: minimum found  = 0.0005154575200798465
---All stresses square root error: 0.0007
---All r-Values square root error: 0.0014
---Tension/Directional Stress: Theta, Data, Predicted
 0.0, 1.0000, 1.0000
45.0, 1.0303, 1.0303
90.0, 1.0707, 1.0702
---Tension/Directional r-Values: Theta, Data, Predicted
 0.0, 1.0000, 1.0000
45.0, 2.0000, 2.0010
90.0, 1.7000, 1.6992
---Tension Balanced-Biaxial Stress: Data, Predicted
0.9343, 0.9347
---Tension Balanced-Biaxial r-Value: Data, Predicted
0.9000, 0.9000
---Compression/Directional stress: Theta, Data, Predicted
 0.0, 0.7980, 0.7980
45.0, 0.7955, 0.7955
90.0, 0.7929, 0.7930
---Compression/Directional r-Values: Theta, Data, Predicted
 0.0, 0.0100, 0.0100
45.0, 0.0100, 0.0101
90.0, 0.0100, 0.0104
---Compression Balanced-Biaxial Stress: Data, Predicted
0.7121, 0.7126
---Compression Balanced-Biaxial r-Value: Data, Predicted
0.9000, 0.9001
--------SHYqp-Coefficients
---P-Coeffs
-0.12658227848101267
-0.3545939333455021
-0.2644666020564143
-1.58871727917716
-6.644490459506792
-3.5400634889782348
9.721954502174547
-7.531377228189044
-21.632173613928842
-3.0154174962991958
6.148214930846881
-4.544258472157735
-0.11537776763430826
-1.4349478741457207
0.03866407717802856
-0.2227973378465187
-0.8571469281867535
-2.9475260444047886
-2.6168148273048306
-1.0718515986635444
-30.059755197192413
-60.94480988226714
9.833862414830502
27.734392055351904
-36.35020853681694
-39.934174328787925
3.7032178421345727
-8.832761104814944
-0.30702359020707726
-1.7386553375481406
-2.4037532956259438
-10.613094499959432
-12.591933588368525
3.7242821641985717
-14.361498027497639
-121.68341249484533
-82.77295059794926
14.725092301116087
3.0811514125625505
-39.35442090093399
-3.530295383831424
-5.422102329538855
-3.458827770151396
-15.006395434353776
-35.94735371451995
-13.95198746709718
22.176119586925005
-57.527066038990455
-102.76518487657863
-53.83414792916227
0.5639353063879717
-9.570038172920036
-2.7136172963719587
-13.247158286735996
-31.641621849432795
-38.37989443660187
6.698932677470543
18.58051525906796
1.209459626516436
-10.767448163160243
-1.2535797145577712
-4.362342960969684
-11.819913414390331
-23.175943400375715
-16.471840333996035
-7.267074604186931
-0.37680230587918756
-0.572519421380711
-0.14123699164695278
-0.6143026947880845
-0.052831314966333615
-0.11267103154482697
---Q-Coeffs---------------------------------------------
0.12658227848101267
0.3545939333455021
1.4436325546426085
1.2365945687189652
3.739152893661068
3.8311634323984203
12.992499356233424
10.31848184716747
4.071480849387787
3.3663389385654074
13.283905922849902
5.3718314866952
2.3960607313196762
0.7275352530568863
1.6744165018077195
0.09276090888686905
0.2440392644920002
0.901998711555873
2.2218949424503465
9.76283848165051
12.41417644160567
23.466423621936535
0.17391184403820142
37.72036715934144
69.19982096837684
47.864210206064776
-6.518935101824173
16.014431692154133
12.893802375280604
9.941320119083368
0.6002475124496209
1.7977400117479896
2.8132811514954796
4.883210316945733
25.81119816331223
35.18240110464683
90.56233901154796
14.794358344648597
-0.6919490304212794
74.84075553947058
138.73255798161037
45.364856982529574
20.656939173865187
3.80528927598491
6.031974303338989
5.07911975559201
9.521398192096818
28.497059346615842
33.77134829305078
129.92787582781057
99.65551966697475
-16.114445334805286
-73.23753259535782
7.604108999674408
9.670969660887785
10.254439538552859
5.74181430432808
8.308788672020976
27.23569636647408
-2.2360045583113672
58.392468118161005
115.45454285047673
103.50411122386824
25.73168273399171
10.812596824441892
4.042196033301549
6.4626524036439275
21.32049323539489
-5.307057537082979
-17.792117779265265
-11.558063426922518
4.195188634467819
1.479777740339274
1.8593986259763307
9.123338129169733
7.969762146238775
4.250214685705436
0.3266870388596576
-0.19428331081666364
0.17084904610231497
0.04258055994089498
