AZ31B_Lou2007_TXT0
SHYqp degree: 16
Solver: cvxopt
---Convexity check with Hessian leading principal minors: min(det_1), min(det_2), min(det_3)
-7.105427357601002e-15, -1.9628743075372768e-13, -3.8116731992943187e-13
---Convexity check with Gaussian curvature: minimum found  = 0.00040694938495071506
---All stresses square root error: 0.0197
---All r-Values square root error: 0.0272
---Tension/Directional Stress: Theta, Data, Predicted
 0.0, 1.0000, 1.0000
45.0, 1.0828, 1.0783
90.0, 1.1592, 1.1461
---Tension/Directional r-Values: Theta, Data, Predicted
 0.0, 1.3200, 1.3200
45.0, 2.3000, 2.2957
90.0, 4.2000, 4.1987
---Tension Balanced-Biaxial Stress: Data, Predicted
0.9618, 0.9482
---Tension Balanced-Biaxial r-Value: Data, Predicted
0.4900, 0.5147
---Compression/Directional stress: Theta, Data, Predicted
 0.0, 0.6943, 0.6943
45.0, 0.7070, 0.7066
90.0, 0.7707, 0.7678
---Compression/Directional r-Values: Theta, Data, Predicted
 0.0, 0.0100, 0.0100
45.0, 0.0100, 0.0136
90.0, 0.0100, 0.0171
---Compression Balanced-Biaxial Stress: Data, Predicted
0.5936, 0.5919
---Compression Balanced-Biaxial r-Value: Data, Predicted
0.5700, 0.5771
--------SHYqp-Coefficients
---P-Coeffs
-0.22018348623853212
-0.44738176326023327
-1.123880334603683
-1.5366995137728556
-5.138233084026304
-7.604417843193315
-2.920494284615232
-9.837972053944648
-8.227686423502716
-6.560322100215429
-3.616663599303915
-7.935849723149337
0.08502712886903488
-2.1430903094915723
-0.0300525914874453
-0.30849647053407014
-1.5410297243377926
-3.346260505875088
-7.848680452916344
-7.425187691413262
-22.329806790984442
-46.6313728953204
-19.79301838463036
-29.461201149175857
-28.74070491492139
-26.056169316510843
2.932099077468847
-14.396794157023907
-0.4192387769501901
-2.3007503733085723
-4.51421697823341
-11.346110117740166
-26.031519924724872
-23.209796633796948
-25.77266385376215
-97.204386010892
-60.367608365225074
-37.45367454902675
-21.066210196842526
-45.96140467221717
-0.8208051161963889
-7.456323286774014
-8.011880711263824
-18.220868140982052
-41.57635480747352
-34.523782720711466
-10.298562408897878
-76.97660956357727
-73.56658207833208
-54.14743436090976
-0.6770273892604355
-13.701664870311784
-6.954950723640939
-17.15538566880964
-39.25607830554923
-51.171032704061545
-2.4757706541337114
-2.644952310920154
-1.179253417451667
-14.946054667417235
-4.146969120071411
-8.08162685080145
-16.484573845885727
-30.179579568612116
-18.422036929594682
-11.006664703259899
-1.3795476248644234
-1.9814717323915871
-0.8167640642405033
-1.9719842936376513
-0.19890643583974602
-0.33633005889426904
---Q-Coeffs---------------------------------------------
0.22018348623853212
0.367747243372009
2.8819111047979153
1.1773010403511535
8.573085166636325
8.47919906211371
19.153642635891497
5.220183142532645
21.08416674087705
12.95418470593036
13.107163070001075
9.160575991308134
4.48231226408959
1.7756496878346613
1.9329090879405275
0.2707536585865613
0.3152428573511341
1.7586803953101158
1.9612542827255257
20.405990687238592
9.095871723181046
45.224572700796806
33.496946078701015
102.10335549965566
34.842384307932505
72.20191604449417
39.90056359230558
28.43785543384281
21.119280009503843
14.685498080447543
2.817312465351535
2.4522062617540974
4.9341134962156215
2.194367551453472
55.490753583645336
27.542890163873494
100.11748356030981
48.07223272842405
192.63435404403398
68.23740424988559
86.30417531091324
58.803284406091805
36.793205049416514
9.770727026442353
7.90916366905065
11.127594079520017
2.9172327836960457
88.41362937220514
51.069288272833575
150.50195906172746
38.59610805086545
165.18305311439502
82.64120466419097
55.28255553830844
22.2437443316211
13.98836765212517
11.737549678708607
-7.266609529386936
67.79218554920652
37.29825633663798
115.54930540413321
2.131756111159795
40.2466996736076
22.890579518759207
14.146945641554018
10.330407169017608
-5.810111434081865
32.887052726109076
10.423564341043411
50.743971591100674
15.948421628627706
8.324987968001862
5.1832111502832054
-2.849531882092943
7.011913251513629
-3.780016451163381
2.5358984825546407
1.6074366090451704
-0.43848785016606606
1.2197905439897228
0.20478907776274527
