AZ31B_Kondori2019
SHYqp degree: 20
Solver: cvxopt
---Convexity check with Hessian leading principal minors: min(det_1), min(det_2), min(det_3)
0.0, -2.935429677108914e-13, -2.0055346272584984e-12
---Convexity check with Gaussian curvature: minimum found  = 0.0009480678759704027
---All stresses square root error: 0.0077
---All r-Values square root error: 0.0662
---Tension/Directional Stress: Theta, Data, Predicted
 0.0, 1.0000, 1.0000
45.0, 1.0000, 0.9986
90.0, 1.0632, 1.0570
---Tension/Directional r-Values: Theta, Data, Predicted
 0.0, 1.7000, 1.7000
45.0, 2.0000, 2.0002
90.0, 2.5000, 2.5026
---Tension Balanced-Biaxial Stress: Data, Predicted
1.0316, 1.0273
---Tension Balanced-Biaxial r-Value: Data, Predicted
1.0000, 0.9716
---Compression/Directional stress: Theta, Data, Predicted
 0.0, 0.5684, 0.5684
45.0, 0.6000, 0.6000
90.0, 0.6316, 0.6310
---Compression/Directional r-Values: Theta, Data, Predicted
 0.0, 0.3000, 0.3000
45.0, 0.4000, 0.4006
90.0, 0.3700, 0.3709
---Compression Balanced-Biaxial Stress: Data, Predicted
0.6000, 0.6008
---Compression Balanced-Biaxial r-Value: Data, Predicted
1.0000, 0.9403
--------SHYqp-Coefficients
---P-Coeffs
-0.37962962962962965
-0.34830176495983833
-2.134357022304571
-3.187697458355051
-13.794977675355913
-13.513355044566133
5.818639601839477
-19.74439956055023
-75.1391289018763
-79.69357278357286
42.95172612748385
-0.6740044692388929
-32.073233108123205
-56.29146116878697
6.857825230562072
-10.549720966778318
-0.49384138881461365
-3.401732438483349
0.019219982952376875
-0.3515833438502167
-3.403457549784359
-3.7213861800742714
-18.033425860068558
-20.333295648372417
-82.80148602082619
-144.05197253837213
-73.46100090020984
-49.058181262463854
-28.644020623814363
-312.14899111851327
-146.52909738291035
-193.06578545041071
44.89183098554064
-85.9352398111555
4.825786378002874
-27.79632460527424
0.13494094764490455
-3.3339531240048284
-14.06194187810587
-18.11458038512624
-63.8513706337318
-57.66427242140994
-168.77135465349758
-390.483593097407
-396.7613470050359
-583.1354281336775
-58.93638343208303
-333.8747089080155
-63.707630307847396
-406.12380976480824
-8.508052196486048
-107.67157628766648
-0.5580540049821644
-13.592346573732312
-32.02607173338318
-43.29960930158835
-162.95643490513905
-209.1329311417685
-291.24213094255174
-538.1824905728653
-363.4909279861054
-719.4365466327156
-223.40088254810033
-444.0682561556965
75.45285235774143
-199.67183014530025
3.7824720165668224
-36.9374698219153
-48.565289517979636
-73.17910093040987
-190.31258069948538
-206.38553439203727
-226.1078882749413
-518.2541506355574
-310.90999605536933
-742.6948249001879
-262.41629517777864
-414.0635581620847
-5.303876060583598
-53.6415847606417
-49.8053115006722
-79.1597260464422
-176.95995112850605
-256.58823384432446
-102.75708738193777
-243.74562866895664
16.19765298385865
-153.1102253635634
25.440336501394068
-64.3804300906135
-32.47412788541659
-51.50612424353219
-105.56552690929021
-156.0938305318121
-92.79697785641802
-141.3835803484837
-22.310464369493005
-49.692392859865
-13.335035903203227
-22.527421012727938
-26.42213886164414
-47.27689487208366
-15.806848464590523
-22.93951660164973
-3.416997053327043
-5.4136012440075145
-3.336554694491321
-5.495159617658093
-0.37833593655849
-0.6212111195081598
---Q-Coeffs---------------------------------------------
0.37962962962962965
0.19861836183660198
5.151804475139988
-1.45135011392916
17.382178262602928
16.265094699599373
68.24243538907815
-63.49759302122732
48.68075767753859
152.98705505860931
153.62349054482954
-162.69413019200522
37.44208347443122
87.8234140507907
30.409629114247934
-12.517796059137522
11.894487077137141
1.2033208958552286
3.4667714987344835
0.019569481475919616
0.3901544507218439
3.7942053916470773
0.9696619888717959
48.28884959592545
-4.677681930093537
109.52494596385593
45.99200866872034
636.1518123510793
-45.435853968864066
-54.95554557174668
33.20256908018635
946.5702532178195
-97.56356131257729
90.02987443380272
185.93110688156872
140.97541524639897
-2.473732527514332
30.706005598086
1.2947110988148516
3.905738724096522
15.725100021783202
-2.5357085022535637
187.09277578519263
21.041986334238985
395.0159837509045
-217.35764081515532
1450.942952821905
641.0898767642855
1149.7195747177461
-204.1910266509701
1231.159556788276
-1.1700229314833799
-2.379895241728289
-13.292759517854972
144.319900897571
7.464251256413303
17.516029338254526
46.02889491948206
-8.200956096601912
429.45977747674937
144.8230380257052
1140.804170978541
-381.2137588370388
1559.4704412404246
456.39942996421337
1771.7507631027188
-183.57372771429263
1080.833384188165
564.1750437965616
294.32218883869524
11.964456011499957
45.20487896390122
71.86838522554909
-47.0900485122714
545.333960712344
109.85546491855857
1396.1168253996973
-328.44639249915673
1181.9646031269824
259.0513067760423
1890.617480684592
418.68704886548164
361.6597541702353
8.202379565556296
77.51695255837755
98.88040299091006
-43.39466667086934
530.1331818942147
85.96238999436494
1376.7992213933942
42.55077850658993
454.1689304187534
-796.6173026645862
81.8975527954619
56.80002037421024
89.75786563597896
76.95963781204264
-53.679814334555374
300.83511976058213
-18.428771099026033
703.1261725245897
389.5036009837701
659.8441922002032
144.7466151203203
75.56620083298208
47.39919108768495
-21.365238205635183
111.89195521650068
-75.88732793124845
65.94113794217942
-49.40300113025832
24.50836039459767
18.593668030878035
-4.355778738738558
34.1946842381368
-3.9502107864476113
15.257161662183123
4.289089059533128
-0.5748670824615786
3.8716667378225935
0.4433490480274921
