AZ31B_Lou2007_TXT2
SHYqp degree: 16
Solver: cvxopt
---Convexity check with Hessian leading principal minors: min(det_1), min(det_2), min(det_3)
-7.105427357601002e-15, -8.980316490436735e-14, -2.1616042289451798e-13
---Convexity check with Gaussian curvature: minimum found  = 0.0011736521206103326
---All stresses square root error: 0.0003
---All r-Values square root error: 0.0022
---Tension/Directional Stress: Theta, Data, Predicted
 0.0, 1.0000, 1.0000
45.0, 1.0828, 1.0828
90.0, 1.1592, 1.1593
---Tension/Directional r-Values: Theta, Data, Predicted
 0.0, 1.3200, 1.3200
45.0, 2.3000, 2.2993
90.0, 4.2000, 4.2020
---Tension Balanced-Biaxial Stress: Data, Predicted
0.9618, 0.9619
---Tension Balanced-Biaxial r-Value: Data, Predicted
0.4900, 0.4899
---Compression/Directional stress: Theta, Data, Predicted
 0.0, 0.6943, 0.6943
45.0, 0.7070, 0.7070
90.0, 0.7707, 0.7708
---Compression/Directional r-Values: Theta, Data, Predicted
 0.0, 0.0100, 0.0100
45.0, 0.0100, 0.0102
90.0, 0.0100, 0.0100
---Compression Balanced-Biaxial Stress: Data, Predicted
0.5936, 0.5939
---Compression Balanced-Biaxial r-Value: Data, Predicted
0.5700, 0.5703
--------SHYqp-Coefficients
---P-Coeffs
-0.22018348623853212
-0.44738176326023327
-1.1666481525284513
-1.841718575805903
-5.7438190552548045
-6.708430336933943
-1.0653198387132947
-10.2388025269532
-12.176951714852164
-6.719003212614689
-1.9936388295690906
-8.106800381495457
0.01552654177133448
-2.12412987910564
-0.07881213165755553
-0.3190771051274319
-1.5526575244155316
-3.4249594265164953
-8.259619726616716
-9.60430816174392
-27.838788506891774
-48.363126119721194
-15.621407255405373
-21.919878040829857
-31.908877112949213
-31.88093291966652
2.6117065257228917
-14.474137766423084
-0.6392176806109399
-2.4205493904493496
-4.722899714698755
-11.30600504183708
-25.446357122539393
-25.980848296414013
-37.73962716641948
-101.50744479564258
-66.22195029554767
-38.59841962162267
-18.631480432127685
-48.89340742425814
-3.8057389849085173
-8.179375268821236
-7.553539656183961
-17.002576098458633
-42.483607721482485
-49.362759920413474
-36.395483494026415
-82.62552353264368
-72.12977686853414
-59.48808498478092
-4.51228510699348
-14.420725485713879
-7.644977105029039
-16.920953385946383
-34.04883129542575
-48.190293663770554
-27.72307781525805
-30.81392296376423
-11.33215106816804
-16.78999168328479
-4.2223988532152035
-8.572667072899623
-12.53774887569369
-17.787417202127212
-8.52384130924867
-8.554727653227333
-1.4986664470327542
-2.7625703119318983
-2.5125664754426578
-2.8586660174728733
-0.17784316586091783
-0.28496401193809323
---Q-Coeffs---------------------------------------------
0.22018348623853212
0.367747243372009
1.854682349524133
2.2059518644549496
6.621390611044612
5.41601109666116
15.66162904628298
15.581092165538982
7.905068465362138
5.9215288175504845
18.907505588123684
10.73453231187065
4.168444419088899
1.6655998621737014
1.9068252637809937
0.25279875804032154
0.2351033083861611
1.624223073918326
2.5564943215916522
11.678467676094469
13.152289813209478
41.1930649463053
27.349085381400517
54.08141783742471
64.80981792795097
54.337304459617016
10.69528190863555
25.86797434210149
15.200317428633447
9.835917602744255
1.2845408556079223
1.7897298945124147
5.033432579432485
6.953172105517126
34.687637168883526
28.367850184812426
89.21656479913467
70.6360819339855
88.84505704005342
79.17035916420816
101.89406682659526
39.41894689983344
31.854513658158044
6.363096793531877
6.096687218155101
9.583316667642103
13.935832083695352
47.05809165317282
33.91121745005577
114.26049335246951
89.04108687903499
81.16619363775223
23.448140947989902
42.143997399989885
14.988719593686504
11.194897655385958
9.978039798910633
11.035553673557251
53.657605798027426
25.362078683113094
52.163269995731
43.54990643573932
53.051463366967255
9.268329919275917
11.821325265097714
7.6526777309824165
7.4241611033563695
28.309689537056236
14.386322153031703
17.46032106243186
7.146319609671032
8.898555755493659
3.0841630472962556
2.078931998505931
9.247508015975093
5.109892295338092
4.4089782071981976
0.7657878856478574
0.011860506021593003
0.6309780828409661
0.08926936321945686
