AZ31B_Andar2012_002B
SHYqp degree: 16
Solver: cvxopt
---Convexity check with Hessian leading principal minors: min(det_1), min(det_2), min(det_3)
-3.552713678800501e-15, -1.3078427230084344e-13, -3.216871213851391e-13
---Convexity check with Gaussian curvature: minimum found  = 0.000957715812524077
---All stresses square root error: 0.0052
---All r-Values square root error: 0.0175
---Tension/Directional Stress: Theta, Data, Predicted
 0.0, 1.0000, 1.0000
45.0, 1.0303, 1.0302
90.0, 1.0707, 1.0659
---Tension/Directional r-Values: Theta, Data, Predicted
 0.0, 1.0000, 1.0000
45.0, 2.0000, 2.0010
90.0, 1.7000, 1.6959
---Tension Balanced-Biaxial Stress: Data, Predicted
0.9343, 0.9327
---Tension Balanced-Biaxial r-Value: Data, Predicted
0.9000, 0.9170
---Compression/Directional stress: Theta, Data, Predicted
 0.0, 0.7980, 0.7980
45.0, 0.7955, 0.7955
90.0, 0.7929, 0.7932
---Compression/Directional r-Values: Theta, Data, Predicted
 0.0, 0.0100, 0.0100
45.0, 0.0100, 0.0102
90.0, 0.0100, 0.0111
---Compression Balanced-Biaxial Stress: Data, Predicted
0.7121, 0.7128
---Compression Balanced-Biaxial r-Value: Data, Predicted
0.9000, 0.9000
--------SHYqp-Coefficients
---P-Coeffs
-0.12658227848101267
-0.3545939333455021
-0.2557421255489033
-1.5066738211974335
-5.351506109563518
-2.887206632676214
4.690088903856273
-10.464642415688719
-17.41730336526495
-0.23069026698407205
4.929626926472356
-5.335327813507234
-0.07402082948322644
-1.3692273575951148
0.05607465416983166
-0.21160321972414067
-0.8565808586234293
-2.946962929629776
-4.602101904045093
-4.80337108870812
-23.983546662360112
-45.38702992670011
3.953262796535044
12.994861280606994
-31.5640098157333
-33.73857604929389
3.9031497693510384
-9.874751224416183
-0.07138349274168425
-1.7419755730406425
-2.4020560623179503
-9.483383786044145
-7.723237996784177
-3.131860232505091
-17.98545829307272
-122.20638586735764
-83.14541781101487
9.46531815194676
-1.0832111567688723
-37.28214192523112
-6.700040928251888
-5.928050264373265
-3.557105278868559
-17.05618553152083
-38.253671302724165
-2.7304609548281147
20.026816135839898
-54.193699395216136
-97.01660151080846
-55.04871738946758
9.425493462543443
-8.149172380891546
-2.692398156856598
-11.790518621788689
-32.26335595622951
-42.13262299632556
4.1397807308247385
18.88927402417158
-7.04649616739873
-12.047947090014057
-1.1469910372397718
-5.05906086250201
-10.839011184181345
-23.461221497071847
-13.54813395296594
-6.779093847346132
-0.4223546526628887
-0.3855152357820006
-0.5205453634939775
-0.6829343910503437
-0.04645999227739023
-0.11410813310817028
---Q-Coeffs---------------------------------------------
0.12658227848101267
0.3545939333455021
1.5025029161238972
1.3346566380979892
4.329735139205416
5.752995970552559
11.798021415030712
1.4652226212233188
4.077003207511894
11.288221076281593
14.95440313231561
2.8647746745102234
1.6422296061673414
0.8963522877054211
1.749088316789561
0.11556300680205009
0.25810725314737737
0.9005115924186438
2.185035006767551
7.740287871100455
8.844697810516882
26.11113075503467
19.98618406238684
37.069572787670744
53.42122787865442
42.75989376199228
2.2991267967657443
20.84034130263679
12.623152273775885
8.859397256989217
0.7822068400235838
1.7678566177897284
2.8081285600104047
5.9070296733329375
31.8744561525555
33.16685001678044
81.3865364625829
5.958950507042371
-3.9449303245378218
69.83123090793781
131.6342024405069
44.119443672042316
23.491038677153135
0.252871260025535
5.686229334179021
5.03188512617316
7.864231515802731
23.652081066702337
35.3892691757253
147.02561996777237
103.37422843903383
-4.991880515950551
-71.99987409400963
5.5886696090162715
20.045453566980026
10.985692507846734
5.8822440861825065
8.91392433884921
27.337388937401464
-2.0450632120998713
46.658656230200044
114.92245585008789
104.78364990780103
16.139331138281886
10.890313852652811
3.8075648001065088
7.13730196729149
21.615593738219747
-4.567927284552193
-18.990125090238774
-7.919465608985621
3.5046224497509932
1.6057067705969237
1.3917214595214122
9.811184791979148
7.309767071136042
4.642341174922498
0.29382011323089635
-0.1393225376805006
0.09657459943384508
0.0446105640939621
