AZ31B_Kondori2019
SHYqp degree: 18
Solver: cvxopt
---Convexity check with Hessian leading principal minors: min(det_1), min(det_2), min(det_3)
0.0, -4.76674255622811e-13, -1.2874727376481636e-12
---Convexity check with Gaussian curvature: minimum found  = 0.0010080759188372571
---All stresses square root error: 0.0129
---All r-Values square root error: 0.1364
---Tension/Directional Stress: Theta, Data, Predicted
 0.0, 1.0000, 1.0000
45.0, 1.0000, 0.9985
90.0, 1.0632, 1.0553
---Tension/Directional r-Values: Theta, Data, Predicted
 0.0, 1.7000, 1.7000
45.0, 2.0000, 1.9994
90.0, 2.5000, 2.5050
---Tension Balanced-Biaxial Stress: Data, Predicted
1.0316, 1.0279
---Tension Balanced-Biaxial r-Value: Data, Predicted
1.0000, 0.9699
---Compression/Directional stress: Theta, Data, Predicted
 0.0, 0.5684, 0.5684
45.0, 0.6000, 0.6000
90.0, 0.6316, 0.6313
---Compression/Directional r-Values: Theta, Data, Predicted
 0.0, 0.3000, 0.3000
45.0, 0.4000, 0.4005
90.0, 0.3700, 0.3709
---Compression Balanced-Biaxial Stress: Data, Predicted
0.6000, 0.6094
---Compression Balanced-Biaxial r-Value: Data, Predicted
1.0000, 1.1329
--------SHYqp-Coefficients
---P-Coeffs
-0.37962962962962965
-0.34830176495983833
-1.8478028425833453
-3.0720021627988814
-9.855230104467193
-10.12896002314136
1.2811040429086233
-16.692420414098002
-27.792625557905765
-34.68732353693105
4.990979352656853
-14.748826260022627
0.01659319656140552
-12.64377341600333
-0.050395303463126755
-2.8326457584466707
0.023913639350164346
-0.35408050128412694
-3.040610868782921
-3.3048555936914714
-13.407623577350114
-17.728787302826618
-53.97125115528481
-90.9857424895434
-23.633521462127398
-36.23711553088032
-29.104925312339972
-148.76721075362735
-25.39647685193376
-64.78108918784946
8.867505138202784
-20.575426322216373
-0.031534433306419814
-2.9738305593833902
-10.814532923645924
-14.283441231936944
-40.79510657585512
-41.796185730416205
-102.34527665684946
-265.4553981401439
-160.03119758217235
-145.21324627472382
51.13197443732045
-145.8936992527334
5.977970810928177
-75.92445419223878
0.33043602777157605
-11.264469724487993
-21.855214391298638
-30.64080070726074
-80.78072675042583
-83.34928655266415
-84.41674339524268
-275.14848247034985
-213.8613443263512
-327.12639867713347
-61.41548800162866
-146.5340541559796
-1.6255781125198545
-22.895659804644282
-26.505177992076845
-44.00865811850826
-96.58782205591979
-116.71776696203972
-24.354688381952105
-124.33087362311619
-39.17537059936419
-132.75784723801198
8.561021749195628
-34.51170552433039
-22.13914142900357
-35.51002297609087
-64.56576537379809
-95.96074575230958
-34.757392890817776
-68.02038376076104
-0.39392394767302175
-29.644694280719044
-10.507691639098802
-17.521302113036107
-22.446277629464404
-38.35672394498218
-14.012367892179746
-18.480554715734613
-3.018318933784715
-4.848866399600144
-2.898765737699122
-4.876145253650904
-0.37573808184702784
-0.6224715318426594
---Q-Coeffs---------------------------------------------
0.37962962962962965
0.19861836183660198
4.590747837160384
-0.8858922174236764
13.387279064608546
7.607148861571643
52.210898011906394
-16.43741313641682
4.466782896146349
23.501501787921903
113.47318308789485
-5.508070227897227
-18.107036683850684
2.7799824947017484
14.879474676360013
0.32985257910516275
2.827888819552469
0.02713623214476565
0.3906337439179768
3.424882697930296
0.8424667554896004
38.46573497341331
-0.9758420835480603
79.92958967547408
-0.40669444851700093
353.12574299348654
108.17850255684888
10.27613867712311
-258.48730714100304
305.6177735246812
231.04504772666075
77.93876141323335
-8.8024971101341
24.271011288820457
1.364142769863155
3.5254755886762776
12.444069362645234
-2.0470645529293168
130.997707978962
25.6993724541597
237.24900718149695
-196.12227275915674
670.8006176572262
654.6519549942866
720.3477592897962
-522.4438369013768
-229.01482308390848
-4.405504652663805
97.49179357032341
5.136797603256573
14.113295202407963
32.29042821955926
-6.4113976785893625
255.23317033545035
100.28643873503988
569.8296857236005
-344.52918540273106
242.24245062125777
288.4870645352499
1399.780362367706
685.3285945784156
255.17866607589508
9.924766037436823
29.947804151967112
43.817833742901776
-33.24172966240117
267.22311271518515
82.84461472012333
724.5532430298565
-1.4943964580207987
-30.751080804005205
-707.5915868201771
-160.56883247604054
-17.012764005302166
46.78568715787089
48.4793453969676
-24.587334591174283
188.1626437894337
13.739464146950743
466.87868039944055
278.27328340039566
450.23326978566763
121.69717544308078
49.66790000838347
32.25712621573155
-18.51515291872598
80.30144906292432
-44.75545975025277
54.830448537820565
-27.321170178614743
17.461663626849806
14.600500383042474
-3.9737291139410558
25.69624911826437
-4.723410777510832
11.282190573968187
3.833975613599779
-0.5804674242052852
3.3984352196431593
0.4381293983410439
