AZ31B_Khan2011B
SHYqp degree: 16
Solver: cvxopt
epsilon=0.015
---Convexity check with Hessian leading principal minors: min(det_1), min(det_2), min(det_3)
0.0, -3.1441516057384433e-13, -1.7925171823651175e-12
---Convexity check with Gaussian curvature: minimum found  = 0.0008533172517544872
---All stresses square root error: 0.0598
---All r-Values square root error: 0.2187
---Tension/Directional Stress: Theta, Data, Predicted
 0.0, 1.0000, 1.0000
45.0, 1.0724, 1.0632
90.0, 1.1557, 1.1351
---Tension/Directional r-Values: Theta, Data, Predicted
 0.0, 1.2916, 1.2916
45.0, 2.7206, 2.7221
90.0, 2.7618, 2.7732
---Tension Balanced-Biaxial Stress: Data, Predicted
1.0779, 1.0227
---Tension Balanced-Biaxial r-Value: Data, Predicted
1.0000, 0.7861
---Compression/Directional stress: Theta, Data, Predicted
 0.0, 0.5606, 0.5606
45.0, 0.5430, 0.5424
90.0, 0.5900, 0.5874
---Compression/Directional r-Values: Theta, Data, Predicted
 0.0, 0.2000, 0.2000
45.0, 0.2500, 0.2507
90.0, 0.4000, 0.4010
---Compression Balanced-Biaxial Stress: Data, Predicted
0.5753, 0.5708
---Compression Balanced-Biaxial r-Value: Data, Predicted
1.0000, 0.9559
--------SHYqp-Coefficients
---P-Coeffs
-0.39188784673717836
-0.3800209347212244
-1.8878789751748448
-3.5403564768927436
-5.855517899924267
-8.904139350691702
-2.7926063285402885
-16.993610192814774
-10.246040989334578
-17.636540601191495
5.279327595468138
-9.305173636238667
-0.04109309214202849
-3.1787727606455425
0.0455123847915283
-0.45217826883037826
-2.835850990015769
-3.3544879611132394
-11.054852766931598
-21.200011372749618
-34.013397739044564
-63.303456755888305
-13.330653634130604
-48.53126691201647
-10.978658071539703
-75.60444913657886
-4.5247120351789345
-21.89526867576685
-0.057525929556822335
-3.52388544192021
-9.094156889943761
-13.717129682680651
-30.668226854328616
-47.11458887706311
-51.19519622117895
-147.84870970966676
-78.36547377077918
-102.77035715068926
30.13533333728533
-53.25128452405642
-0.38659467783836243
-11.500907781283352
-15.882587674404801
-24.233226530441488
-45.728743302496824
-70.84458369639428
-30.950319610902575
-135.20604699762785
-74.17470811323956
-128.23408856678458
-7.703740276545658
-21.968704095447734
-15.90348783796176
-29.655623784018275
-45.8444941631737
-68.24983352059934
-8.909442508691331
-40.45447035808704
10.658655992641412
-23.012911938489236
-9.784316922152712
-18.124765990384816
-21.871052253657375
-39.42297413872543
-13.396992622393743
-18.893731545253093
-3.299339164913007
-5.936142195259056
-3.3348720744914946
-5.915193949401995
-0.48228806202083985
-0.8573169033488036
---Q-Coeffs---------------------------------------------
0.39188784673717836
0.3065546498129965
4.16523951402729
-0.291181622204642
12.883653598776492
5.934708873438595
25.03204817152548
-3.0606708393644446
33.82618061450667
7.020496106104198
15.581917344091508
1.2287640963835325
6.754822200973646
0.5402298473083947
2.9108287374764843
0.06926778784518452
0.440365189661789
3.2970004931818258
1.6882808996625236
30.945995788255175
-0.26811838549493483
71.68164598893247
27.431832788427077
154.69109569665346
-1.7705450973835009
109.06254832370857
29.50849870191051
60.87150229085638
17.524997175605495
23.33278676630257
1.5064885806648995
3.65778087452213
10.184131605486446
-0.27274944796456474
96.72744012943967
22.053480280601015
154.99826320640702
-2.666942458907818
319.4584864117575
47.547660117188286
157.07895397761152
39.788779355612775
58.2752304483729
4.819417353678437
12.672432737505602
22.914729676186823
1.3607956111137205
147.25123128975528
33.312151620495506
250.71781816678677
-7.337287837745767
274.5933099653621
68.16514992059093
109.8617719433118
17.69859604350985
24.899276660497147
27.142948388836523
-15.121879479473051
139.65493925361932
49.204778925700985
219.86335417310184
-29.415450306401844
88.97652254227285
22.723095814602186
29.224210088383526
22.888292032324788
-9.296833624848102
69.47589162264457
11.027343912488352
100.30931291065272
18.67058232492838
21.136833020924723
12.04313323266186
-4.1630185015710435
18.3518397797312
-7.031288550642653
8.326487062489457
3.6640443869554287
-0.5235817908848055
3.296756204099011
0.4690293099859555
