AZ31B_Andar2012
SHYqp degree: 16
Solver: cvxopt
---Convexity check with Hessian leading principal minors: min(det_1), min(det_2), min(det_3)
3.552713678800501e-15, -1.1057821325266559e-13, -5.434125371905907e-13
---Convexity check with Gaussian curvature: minimum found  = 0.000992141239791689
---All stresses square root error: 0.0232
---All r-Values square root error: 0.1365
---Tension/Directional Stress: Theta, Data, Predicted
 0.0, 1.0000, 1.0000
45.0, 1.0303, 1.0281
90.0, 1.0707, 1.0654
---Tension/Directional r-Values: Theta, Data, Predicted
 0.0, 2.5600, 2.5600
45.0, 3.6600, 3.6566
90.0, 3.3500, 3.3457
---Tension Balanced-Biaxial Stress: Data, Predicted
0.9343, 0.9139
---Tension Balanced-Biaxial r-Value: Data, Predicted
1.0000, 0.8642
---Compression/Directional stress: Theta, Data, Predicted
 0.0, 0.7980, 0.7980
45.0, 0.7955, 0.7950
90.0, 0.7929, 0.7914
---Compression/Directional r-Values: Theta, Data, Predicted
 0.0, 0.1400, 0.1400
45.0, 0.1500, 0.1523
90.0, 0.1600, 0.1651
---Compression Balanced-Biaxial Stress: Data, Predicted
0.7955, 0.7864
---Compression Balanced-Biaxial r-Value: Data, Predicted
1.0000, 1.0116
--------SHYqp-Coefficients
---P-Coeffs
-0.12658227848101267
-0.39940283352041905
-0.39522326199411495
-0.43937048191128636
-2.936582486327956
-4.754197114368663
2.4092588789707414
-4.423493754588042
-6.251584003673035
-1.0376509965684575
1.574126563884932
-3.573494629618719
1.2898302685206495
-1.2028755055482443
0.16268252918783363
-0.17488238175263557
-0.8352059029563306
-3.0483664654046327
-4.263094625770815
-1.5358321233312313
-10.436911711255028
-33.994186016704504
-1.6819453028688014
-3.4901494464475182
-22.011403052333268
-19.61036917880285
3.9812620436582504
-9.506604751641854
0.7637570331089776
-1.4105315014792188
-2.341530494554936
-9.773927810293515
-16.86453227857372
-8.43460659726113
-3.3186450910860765
-68.29715705552776
-37.85562222248137
-6.77662495350215
-7.25190560545694
-27.425281592894212
2.032355507783728
-4.896103119432106
-3.414675830227506
-14.312802117018741
-32.96470002597528
-28.549881256751192
10.052966943673304
-34.789590972986446
-50.9669802530765
-28.180095956456
3.6209002027373347
-9.30618314609272
-2.8532929087082555
-11.9470826742464
-28.86971217939696
-42.50277292485157
-5.572194250898027
-0.3980587644657046
-4.659989578043776
-11.183787876233962
-1.4326875755209798
-4.249540107459956
-10.062418048733122
-21.40545447601744
-14.576347541293945
-6.765640608033798
-0.3944168539560571
-0.7051550406270395
0.0535642810442983
-0.7144329639705106
-0.06559233011184173
-0.13877246820310424
---Q-Coeffs---------------------------------------------
0.12658227848101267
0.14640664814518983
1.7869999546775006
0.5660375584563818
6.835214475481814
3.481760814050121
9.861819636336113
-0.30120215413451
18.146099749934972
10.691633957467069
5.476790675958485
-1.1682867714668432
2.367425618443547
0.9772880112415592
1.3181287096738024
0.1041104452771484
0.23843849121502908
1.0273023550650346
0.5842905391394202
12.468800838772205
3.5951497902039518
38.02828709858991
20.278022155587177
62.21411495951297
-0.31393940153681005
41.835675414089124
38.35005894962546
42.82301836045123
15.135218962604227
9.833575269460544
1.6375665080285349
1.8549579611919191
3.2360159829261534
-0.5555387640201251
34.17794400476488
4.953726758306139
81.20127090176338
36.95939450924418
152.12184944425633
31.42009242208551
27.08653194864841
0.10671772840423469
21.546333621654572
6.799506924804519
5.700410782245565
6.890167443067366
-2.0234717583509605
55.62729035377034
4.786019293259696
98.54627187383998
22.531566395715895
136.62604591122917
81.63351716464665
65.39129920317271
17.13036106964421
9.87360303831872
8.14163098058048
-6.601845399390119
45.500367081442214
6.899545237797723
65.82306360349128
-12.81556670619205
19.69370135265
4.032909393905253
8.278218944250845
7.361889115497585
-6.669553076253903
25.946821270116438
-0.06251359050775401
29.499602919757592
6.521926270217731
6.376737707507439
3.759097989604428
-2.4546690079402165
6.491058834880898
-1.9014405957306424
2.2554621544508806
1.2005094277510615
-0.4989963796514322
0.8932126815198802
0.16221457947536816
