AZ31B_Lou2007_TXT2B
SHYqp degree: 16
Solver: cvxopt
---Convexity check with Hessian leading principal minors: min(det_1), min(det_2), min(det_3)
-7.105427357601002e-15, -1.4988010832439613e-13, -5.417388542969248e-13
---Convexity check with Gaussian curvature: minimum found  = 0.00020582685069341362
---All stresses square root error: 0.0006
---All r-Values square root error: 0.0047
---Tension/Directional Stress: Theta, Data, Predicted
 0.0, 1.0000, 1.0000
45.0, 1.0828, 1.0833
90.0, 1.1592, 1.1594
---Tension/Directional r-Values: Theta, Data, Predicted
 0.0, 1.3200, 1.3200
45.0, 2.3000, 2.2965
90.0, 4.2000, 4.1970
---Tension Balanced-Biaxial Stress: Data, Predicted
0.9618, 0.9617
---Tension Balanced-Biaxial r-Value: Data, Predicted
0.4900, 0.4897
---Compression/Directional stress: Theta, Data, Predicted
 0.0, 0.6943, 0.6943
45.0, 0.7070, 0.7070
90.0, 0.7707, 0.7707
---Compression/Directional r-Values: Theta, Data, Predicted
 0.0, 0.0100, 0.0100
45.0, 0.0100, 0.0101
90.0, 0.0100, 0.0093
---Compression Balanced-Biaxial Stress: Data, Predicted
0.5936, 0.5939
---Compression Balanced-Biaxial r-Value: Data, Predicted
0.5700, 0.5705
--------SHYqp-Coefficients
---P-Coeffs
-0.22018348623853212
-0.44738176326023327
-1.2179615344388661
-2.3244588574787612
-3.6879926837426744
-7.61885953469494
-8.96219769818235
-5.700180128712525
-3.698997412124354
-11.382702358953006
-4.831627760740291
-6.475404577196963
0.13503167818762787
-2.257046718737877
-0.02560673197229795
-0.3345007752677549
-1.544442586528221
-3.3485123647797645
-8.638557722477511
-7.515630808303016
-23.04388817757256
-48.9005409757422
-9.645163821833659
-16.105553549800504
-39.61699491079738
-36.324471027458785
5.1531830836743335
-14.173236014262136
-0.9146570491257822
-2.1840164530646735
-4.788187399879423
-11.762675947945743
-25.667047410049214
-43.66761716595386
-61.211006564084876
-88.90514745253607
-71.16934064705316
-41.238344170073006
-13.753769007798637
-49.78804777062438
-5.499381333432772
-8.957442335013909
-7.442042069788134
-13.966908202234967
-37.562004494911626
-25.668759987397433
-12.141513902631479
-88.88977454164785
-81.30725041014901
-54.0843122258467
0.4961012972100006
-13.668184578214202
-7.930408065059374
-20.938232833451607
-41.64179344850608
-55.25818907333342
-30.094498361677896
-32.856671244868046
-16.20709978664783
-17.02942292326757
-3.8533995516115884
-7.212465583600144
-10.205451467596886
-17.844458251737077
-6.11553319156147
-8.615016003130469
-1.5968708450176226
-2.811854328960511
-2.933702963662641
-2.818001959539674
-0.16943686016711892
-0.28633193728420064
---Q-Coeffs---------------------------------------------
0.22018348623853212
0.367747243372009
1.6513432734081601
4.7364706803011405
4.486696669902444
2.3264232658330113
17.534626239374123
26.866267923749422
0.4297274697265581
2.7373702397695907
22.95820411765424
9.646921173282122
3.8038121260915054
1.909699007165578
1.8445376371270892
0.2795586309164872
0.23408718807273748
1.6063465571637907
2.5669955239413
14.276445643054108
-4.365595752182184
42.39366534607843
44.70786846135673
75.2745266501865
-5.348928425406996
47.4591188112783
53.94249410012403
23.001879339799203
11.013282535551877
10.984083910637679
0.6686067538092724
1.8007272376641923
5.379335977794029
7.578968605819721
22.658460581685105
71.32309678906859
89.01993517915288
93.02356972998162
30.981478237735377
68.28902130743532
151.4541804288936
17.385165070094512
22.301410705725417
10.911797708223695
6.202077212713109
7.787877856722995
5.8475718806632555
93.47102752776249
-67.80168084486
167.57085175575446
112.19249306989583
37.98914592100582
73.00592516032421
45.59506982036986
9.213011421323776
10.928467615239768
14.147093185891823
23.484480405776196
11.136265025673447
68.60911298551113
63.335033069884005
-3.800976681214418
62.36069729556914
8.445214706972452
13.578024425129124
2.686067368710922
7.914060619619347
26.70836619415905
23.69164315767112
8.07383760427555
12.019611230245351
6.367925128235799
5.4511908233577495
-0.5083429162542074
12.66016067020466
3.0365570171339002
5.680795594504432
0.41358378888585096
0.28472663891098915
0.39460335006603503
0.1004158333254591
