ZEK100_Habib2017
SHYqp degree: 24
Solver: cvxopt
---Convexity check with Hessian leading principal minors: min(det_1), min(det_2), min(det_3)
0.0, -7.807088309164101e-13, -3.847837166475923e-12
---Convexity check with Gaussian curvature: minimum found  = 0.00016954665614395004
---All stresses square root error: 0.0394
---All r-Values square root error: 0.7122
---Tension/Directional Stress: Theta, Data, Predicted
 0.0, 1.0000, 1.0000
45.0, 0.6804, 0.6781
90.0, 0.6186, 0.6142
---Tension/Directional r-Values: Theta, Data, Predicted
 0.0, 0.7689, 0.7689
45.0, 1.0044, 1.0091
90.0, 0.4851, 0.5028
---Tension Balanced-Biaxial Stress: Data, Predicted
0.8093, 0.7775
---Tension Balanced-Biaxial r-Value: Data, Predicted
1.0000, 1.6876
---Compression/Directional stress: Theta, Data, Predicted
 0.0, 0.7371, 0.7371
45.0, 0.6598, 0.6577
90.0, 0.6134, 0.6101
---Compression/Directional r-Values: Theta, Data, Predicted
 0.0, 0.7647, 0.7647
45.0, 0.5322, 0.5390
90.0, 0.1566, 0.1807
---Compression Balanced-Biaxial Stress: Data, Predicted
0.6753, 0.6529
---Compression Balanced-Biaxial r-Value: Data, Predicted
1.0000, 1.1833
--------SHYqp-Coefficients
---P-Coeffs
-0.17832167832167833
-0.014504407577866021
-1.771569130655911
-1.4079527476907627
-10.325066276324112
3.310707473900467
-13.160771334398294
-42.005731792863415
-108.21995385770597
57.54663335871846
72.63078963136203
-145.97069483865366
-235.87270335388232
63.57368563592057
55.801887840156134
-57.22547805565173
-40.470621891991975
-7.902655913191368
-4.349517996196789
-4.317671746794283
-1.3248034663353214
-0.8393980707750593
-0.11660952002553657
-0.0766711018865616
-1.986897529171037
-0.3971543936894181
-15.477459310223285
-4.163903093308019
-98.75425676383522
-27.91364342703548
-109.49686078485038
-52.45511658504911
-511.90080254916205
-225.4960265006427
-266.15783746615244
-106.91264620958457
-260.0609669662929
-47.12096113564181
-222.66742218240623
-132.98630616580766
-33.85235259959902
-15.263293867217921
-13.824289181693741
-7.15439472076809
-1.4589317936544242
-0.7377367013498538
-8.618352813019824
-0.23601008084018105
-92.0832776567286
-54.43895885709257
-259.11345176690276
-125.85306759576257
-718.7384646744636
-61.994631866601594
-1036.5943750764677
-423.4790477398163
-739.0413541330903
-480.6077946696789
-421.27975998769284
-128.54749945055147
-331.1505464505842
-241.1638518143529
-4.300039458477504
-30.560137448886227
2.1753040208614656
-3.9889099462629516
-34.23591561587881
-15.076185642713211
-172.49542921386399
72.4107618374802
-837.1339550404783
-287.77647771379986
-1258.1651183840931
-356.04876201064013
-1207.1576760009482
-518.0527711277159
-934.2490737300391
-433.629124027151
-625.5376052784445
-27.118700920913803
-249.24565270966895
-66.16475005358586
-54.84868283342195
1.643673095925506
-25.507163884993023
-1.6641929682004033
-313.26776197264786
-39.110616566179104
-996.417418901955
-458.2810925526036
-1437.413530331119
-359.6957649495046
-1306.6021908073642
-321.0037643566104
-917.04504524618
-237.2073791935897
-175.12362984490238
-69.33656181459061
6.768835528994929
-51.08289401024289
-128.03391912850938
-28.082355044704734
-445.9083595138977
-178.6675172319019
-747.7605635248918
-392.128240214466
-1223.4027996484476
-160.56771068222065
-1103.0139414981215
-316.0039165597949
-339.45950571084
-105.86511248925892
-12.880653160905165
44.885718235577
-14.949790148024556
-62.16967372011795
-299.77328530388064
-131.40189219502923
-365.07389674895114
22.059490102580725
-459.7427165638038
-5.673070435262219
-568.766719741308
-187.24253834782488
-135.88007185750436
-68.86875416521401
-51.90435473562872
17.941600035226354
-201.86579345927987
28.767717660935265
-345.51124148805786
-67.16066804345313
176.35794020738024
151.734523894569
-5.430804255647594
26.50560658678786
-22.1722603056623
-10.176102145279224
-37.77378531247847
-17.911433964427722
-154.98172151506435
-48.91520598990627
-44.227651532525186
-9.007447224630285
-7.417758201756053
6.323373471130081
-4.065109765835829
7.2526732656273785
0.2629756826235827
2.7332541345447843
-1.4119873231220805
0.8504146679993768
-1.3290831456478813
0.43936617505502634
-0.11636214339074931
0.07150283444301492
---Q-Coeffs---------------------------------------------
0.17832167832167833
0.0899330056951833
5.9237268898280915
-2.7114088861819283
14.643589501351656
14.315667113098753
186.28965577934156
-92.78663622969562
1.137886753235218
145.0761755937659
818.5516768886683
-197.76233105192802
109.42112624192195
-129.32915419807526
592.4026070623428
165.37188357141753
185.45642414175052
-120.33894395372336
103.63885443907107
-13.159306572979865
37.21011490917277
-3.63917053970046
7.566618428348689
-0.30082324910402375
0.6994551305520346
3.012309511848627
-0.34676489841689323
61.22286435651986
11.761874140958186
274.9411462337521
-177.25164003411098
1122.255003359423
394.07042401319006
1401.7910997431986
-814.5784763444939
3699.750455679373
-121.27940848855657
2959.5265439134578
-102.7122536052825
1337.3230089577858
-160.01206307883206
1276.8625615854985
65.62231069237124
444.34416888145535
-18.021125432554864
80.24408188170365
-3.2323992826490566
8.287476708915078
12.004017644526444
-19.994848448282923
308.71612737012754
95.12238524673201
885.8536860242257
-599.7063155167311
4716.069969347091
959.3993492598017
8028.366695834162
-570.0585202400683
7706.2318558911475
-663.3135413842006
6289.056292760424
-191.5974999960475
5053.737521269409
-784.2759455304312
963.7932005715966
-1.7384500031322991
536.1392348209816
5.059634724866668
43.0211601985258
61.6311880121602
-8.58040440794811
855.9148518786244
266.87002482669817
3143.1365260036237
-548.170844472876
8997.92581736118
101.3049050344299
10665.19763350374
-234.7371058185814
10226.572279483635
29.87597489367476
9746.043275770964
-10.996778908399424
6879.406870284445
-28.562116490044296
705.8901450957031
-13.969380883673509
154.9293988483453
155.01115013505193
-94.95030249673061
1519.9954709534547
-62.1559607821251
5894.3482675590885
-894.5499330951625
9894.066344917994
61.932842386988156
11025.643371013526
419.05570312964204
10614.132741688618
483.6153589142512
8106.2847482891775
-161.872774491367
3008.6667642121733
158.77412453045736
313.8478361542484
259.8025041668932
-247.16393071940695
2635.6953857121275
316.6919057682195
7042.0158189036365
-943.1828920071123
10204.515621889255
53.87242553620166
11060.363473441814
752.1257821361397
8341.752917234826
537.3431941844381
3244.0902719938667
-103.6241564225256
505.1794076398005
301.9032482878511
-151.091256366358
2414.6048401245075
376.7875709133379
7321.793371991508
-1149.851603639786
9580.781926484544
-247.09356063663662
7667.692513607461
222.00548666579445
2522.971560416987
13.843776751315554
609.2471689603843
317.7645012034373
-228.44861209144904
1724.9999208859958
-182.61945586879455
5769.522012928609
-1126.8467416149774
3947.4716355234186
-1465.3503406817395
1935.8527449283902
262.865047768289
482.8487356748474
218.10673448427664
-175.94340262449055
751.0643590398556
57.92213583434656
1322.3624314451447
811.2639058139656
1515.826317940334
23.58645896062517
245.0431075324911
106.35404249789757
-56.99654660529747
374.54754199105577
-236.56430362472108
326.5813072575402
-86.04914193801729
114.68390189440849
33.577785959933145
-5.327758137844703
64.00980216062644
-5.00287320737474
35.993389895798
6.717311440433129
-1.0314621188399051
6.860154973332524
0.5864664490925755
