ZEK100_Habib2017
SHYqp degree: 20
Solver: cvxopt
---Convexity check with Hessian leading principal minors: min(det_1), min(det_2), min(det_3)
0.0, -6.532552276894421e-13, -3.185448990736848e-12
---Convexity check with Gaussian curvature: minimum found  = 0.0009316858963666659
---All stresses square root error: 0.0422
---All r-Values square root error: 1.7006
---Tension/Directional Stress: Theta, Data, Predicted
 0.0, 1.0000, 1.0000
45.0, 0.6804, 0.6782
90.0, 0.6186, 0.6154
---Tension/Directional r-Values: Theta, Data, Predicted
 0.0, 0.7689, 0.7689
45.0, 1.0044, 1.0053
90.0, 0.4851, 0.5016
---Tension Balanced-Biaxial Stress: Data, Predicted
0.8093, 0.7749
---Tension Balanced-Biaxial r-Value: Data, Predicted
1.0000, 2.5471
---Compression/Directional stress: Theta, Data, Predicted
 0.0, 0.7371, 0.7371
45.0, 0.6598, 0.6573
90.0, 0.6134, 0.6116
---Compression/Directional r-Values: Theta, Data, Predicted
 0.0, 0.7647, 0.7647
45.0, 0.5322, 0.5344
90.0, 0.1566, 0.1791
---Compression Balanced-Biaxial Stress: Data, Predicted
0.6753, 0.6513
---Compression Balanced-Biaxial r-Value: Data, Predicted
1.0000, 1.7054
--------SHYqp-Coefficients
---P-Coeffs
-0.17832167832167833
-0.014504407577866021
-1.5402887788632214
-0.819026609863777
-5.174865459166976
0.003714368611242071
-16.905334332471256
-12.094551281281356
-6.520259165806987
3.675954645145417
-34.499633262559506
-18.293958818307836
-0.21471504502190283
-2.2381245006766064
-5.333653499664553
-3.1758722833751216
-1.0786468200637802
-0.7107660133006793
-0.12413256999633927
-0.08066785900810518
-1.5376874406191268
-0.13553710875641028
-12.095589109989485
-5.6556064844704705
-38.25123738473654
-0.8361059558995976
-85.1887489360814
-64.67204259666572
-74.19729689487521
6.644588243726597
-100.78436266850436
-61.42977547489998
-6.110145557372351
-0.011892230582808052
-5.1767155437121195
-4.004778212873652
-0.7382796599051666
-0.5637243108495124
-6.371960731985699
-1.7898036817177303
-38.02808664055502
-15.590846217928808
-108.8392414130815
-21.87646099180526
-197.78157840035715
-82.2485736444842
-88.07128184054147
51.15640856061609
-134.69097071578082
-106.12471878823823
-39.17208730233275
-15.390307327151955
-5.063352392816449
-1.919425033636592
-13.094566187300698
1.5520861637790877
-90.35888636302792
-16.337154071901832
-194.43578546037554
-74.79510651305617
-291.8205387246377
-216.16723021378846
-168.3990272021131
74.29357765029441
37.13071191740023
8.327168676589944
-1.5400552018503426
-4.048542940378374
-20.58210806442501
-9.757714014735328
-84.96337629753577
-4.963218929749789
-164.9903268718093
154.77124231362117
-104.32183697390131
-96.50490138194371
-252.3691347631187
-104.30082896712476
-29.21253206200458
-3.9290162066853407
-18.45089629218952
3.9407986918452287
-82.87183539671422
-76.91216344442626
-115.76506329735761
-15.410342362929445
63.28894195402061
86.0147373476078
17.857452091562937
-1.5205027257535193
-11.73129752423853
5.028623596617819
-33.42773939295427
7.209208808469749
-72.71991561951829
-40.406947714480864
-34.12400635340302
-3.849394515920688
-4.916413016056109
1.5945666488623629
-4.37658472262971
5.9373387020746495
0.3812693297019532
1.6945075860506973
-1.2089599690403159
0.5894793862133053
-1.1189008690183857
0.3393788605105246
-0.12173602698763528
0.05627126916822404
---Q-Coeffs---------------------------------------------
0.17832167832167833
0.0899330056951833
4.825785065477773
-1.7710590893135438
12.104503033933016
0.36189270792350064
92.73238539542037
-5.576181955356258
17.02690197042747
-44.86384020673025
239.73818232363095
30.217616578896877
31.755561546225007
-27.337335657262063
68.9915312402982
-11.362340298493871
22.52265338054779
-2.848493699872536
6.184173063921478
-0.29438481561191515
0.6954334026021335
2.4083394920497336
-0.33156171703257104
48.98565351284569
-3.204943935386294
100.68978768865063
-77.00545363817024
721.795929115433
266.2703311680403
166.19881822403707
-680.2886899121985
1137.06715712088
514.828808634825
295.672064770041
-102.07308451332804
259.1353576081845
10.976264396717031
58.99959474456737
-1.0436554849218607
7.030664853633075
9.251271040652185
-13.722636009507958
199.06969074068266
46.84515130712346
451.1529204316835
-620.1822010624542
1630.6223514376197
1343.1650229881448
2064.488089443294
-1407.4396523800078
1228.5752900537018
589.5898686351001
660.6938768860047
-150.22746134354713
217.51031106215663
-2.551239770433346
32.336193013313824
40.24644359705055
-16.814828078967835
454.2738136766944
214.71239202469238
1478.286551659888
-851.8130380068027
1653.5982342570594
762.2058930011292
3497.334728730882
-526.7780383585807
898.6066674922704
242.30429405099085
593.8948115136374
9.710452053830016
79.29372154708379
59.27110858446224
-136.6848689358036
542.4270253818145
110.78321887937632
2040.981005054195
-435.26203928500354
1324.0501855719137
-293.11890739938144
2927.6298859441204
769.3070933551671
774.5258775503778
-33.295085109027845
138.09454196757846
97.77359784469412
-63.5431790439611
631.6023457389466
39.20198198868669
1978.580478607822
311.5405400976868
954.4998235922176
-1024.4193828955601
232.37879139223645
26.692493855428815
162.2223854862176
84.57738938435224
-82.86370848908443
326.24773200626856
-149.624172211192
862.9533921258931
379.7543940242054
931.822150877432
141.50573290743515
128.47765856798813
57.466616521373425
-25.939826255780496
159.58393722222178
-98.36899852515833
100.95239826303167
-65.44609059147629
48.87595711798328
23.447365009861528
-6.088231736262764
49.81080794254805
-5.287522186992976
25.574001691675484
5.67543347429336
-0.7363453241880313
5.6960092821612465
0.6114661520414445
