AA2090T3
SHYqp degree: 16
Solver: cvxopt
---Convexity check with Hessian leading principal minors: min(det_1), min(det_2), min(det_3)
-2.9956159588296288e-31, -2.9976021664879227e-14, -2.694511280765255e-13
---Convexity check with Gaussian curvature: minimum found  = 0.0005171287742806695
---All stresses square root error: 0.0023
---All r-Values square root error: 0.0402
---Tension/Directional Stress: Theta, Data, Predicted
 0.0, 1.0000, 1.0000
15.0, 0.9605, 0.9598
30.0, 0.9102, 0.9094
45.0, 0.8114, 0.8111
60.0, 0.8096, 0.8097
75.0, 0.8815, 0.8811
90.0, 0.9102, 0.9092
---Tension/Directional r-Values: Theta, Data, Predicted
 0.0, 0.2115, 0.2115
15.0, 0.3269, 0.3424
30.0, 0.6923, 0.6981
45.0, 1.5769, 1.5807
60.0, 1.0385, 1.0385
75.0, 0.5384, 0.5542
90.0, 0.6923, 0.6940
---Tension Balanced-Biaxial Stress: Data, Predicted
1.0350, 1.0347
---Tension Balanced-Biaxial r-Value: Data, Predicted
0.6700, 0.6863
---Compression/Directional stress: Theta, Data, Predicted
 0.0, 1.0000, 1.0000
15.0, 0.9605, 0.9598
30.0, 0.9102, 0.9094
45.0, 0.8114, 0.8111
60.0, 0.8096, 0.8097
75.0, 0.8815, 0.8811
90.0, 0.9102, 0.9092
---Compression/Directional r-Values: Theta, Data, Predicted
 0.0, 0.2115, 0.2115
15.0, 0.3269, 0.3424
30.0, 0.6923, 0.6981
45.0, 1.5769, 1.5807
60.0, 1.0385, 1.0385
75.0, 0.5384, 0.5542
90.0, 0.6923, 0.6940
---Compression Balanced-Biaxial Stress: Data, Predicted
1.0350, 1.0347
---Compression Balanced-Biaxial r-Value: Data, Predicted
0.6700, 0.6863
--------SHYqp-Coefficients
---P-Coeffs
0.0
0.0
0.0
0.0
0.0
0.0
0.0
0.0
0.0
0.0
0.0
0.0
0.0
0.0
0.0
0.0
0.0
0.0
0.0
0.0
0.0
0.0
0.0
0.0
0.0
0.0
0.0
0.0
0.0
0.0
0.0
0.0
0.0
0.0
0.0
0.0
0.0
0.0
0.0
0.0
0.0
0.0
0.0
0.0
0.0
0.0
0.0
0.0
0.0
0.0
0.0
0.0
0.0
0.0
0.0
0.0
0.0
0.0
0.0
0.0
0.0
0.0
0.0
0.0
0.0
0.0
0.0
0.0
0.0
0.0
0.0
0.0
---Q-Coeffs---------------------------------------------
0.0
0.375766147136624
0.25453909497881083
-0.6480428910311612
5.804913348979362
2.94291542568596
-5.149175442966056
-5.807769683122946
22.058904817664718
1.2804726219080333
-6.232977421572809
-2.844778756056163
0.9463162698084226
-1.8035284978540653
0.30459179196713493
-0.22365732849944422
0.09647193317984973
0.33569700484741105
2.304485638474185
6.386748670872548
-4.003385194505882
18.30556681302447
23.444615307555917
47.33089770018487
-46.29902356150456
-19.361952186000973
21.117879892287128
32.76273026062571
-2.2070991612574775
6.875797961189437
-0.9185557636042316
1.5190273083212678
0.1495463260422247
5.558474148924328
20.089487925464347
-15.607797563356872
22.263772961581388
62.06161811294698
184.16407915850115
25.663867007896666
-75.04287054618857
-64.0524499856006
16.25131417544278
-0.30170416581312975
2.9277575704193213
2.637024119299844
4.728156410062712
63.5963505152217
-14.707276941456152
-78.11182209334812
-138.72557824585033
135.74510291990433
154.5739373512254
65.57966446233715
3.055507658552856
18.35322015991503
4.0786893908099
-8.699452415446656
77.33571370037475
74.73648792846683
138.51737575914214
-66.01555326355623
17.59091944057721
-8.495804014576818
13.155726916422875
3.285904712248364
-18.882106512231505
16.615783654515308
-4.018004880488592
51.92255689456165
7.348842767961113
15.071674127037143
4.724870315328109
-2.4279271677793486
12.352048457311883
-2.3122711168388355
6.208813231726199
1.8682198131208065
-0.27966071778398927
2.3770928368252022
0.3098821159273192
