AA5042H2
SHYqp degree: 18
Solver: cvxopt
---Convexity check with Hessian leading principal minors: min(det_1), min(det_2), min(det_3)
-2.0202369354477665e-17, -1.1324274851176597e-14, -9.125469477289094e-14
---Convexity check with Gaussian curvature: minimum found  = 0.0009664430936467316
---All stresses square root error: 0.0232
---All r-Values square root error: 0.0494
---Tension/Directional Stress: Theta, Data, Predicted
 0.0, 1.0000, 1.0000
15.0, 1.0000, 0.9986
30.0, 1.0174, 1.0162
45.0, 1.0149, 1.0146
60.0, 1.0174, 1.0155
75.0, 1.0373, 1.0334
90.0, 1.0448, 1.0384
---Tension/Directional r-Values: Theta, Data, Predicted
 0.0, 0.3540, 0.3540
15.0, 0.2390, 0.2682
30.0, 0.6400, 0.6431
45.0, 1.0690, 1.0695
60.0, 1.2790, 1.2807
75.0, 1.2240, 1.2238
90.0, 1.3960, 1.3989
---Tension Balanced-Biaxial Stress: Data, Predicted
1.0715, 1.0571
---Tension Balanced-Biaxial r-Value: Data, Predicted
0.9910, 0.9725
---Compression/Directional stress: Theta, Data, Predicted
 0.0, 1.0000, 1.0000
15.0, 1.0000, 0.9986
30.0, 1.0174, 1.0162
45.0, 1.0149, 1.0146
60.0, 1.0174, 1.0155
75.0, 1.0373, 1.0334
90.0, 1.0448, 1.0384
---Compression/Directional r-Values: Theta, Data, Predicted
 0.0, 0.3540, 0.3540
15.0, 0.2390, 0.2682
30.0, 0.6400, 0.6431
45.0, 1.0690, 1.0695
60.0, 1.2790, 1.2807
75.0, 1.2240, 1.2238
90.0, 1.3960, 1.3989
---Compression Balanced-Biaxial Stress: Data, Predicted
1.0715, 1.0571
---Compression Balanced-Biaxial r-Value: Data, Predicted
0.9910, 0.9725
--------SHYqp-Coefficients
---P-Coeffs
0.0
0.0
0.0
0.0
0.0
0.0
0.0
0.0
0.0
0.0
0.0
0.0
0.0
0.0
0.0
0.0
0.0
0.0
0.0
0.0
0.0
0.0
0.0
0.0
0.0
0.0
0.0
0.0
0.0
0.0
0.0
0.0
0.0
0.0
0.0
0.0
0.0
0.0
0.0
0.0
0.0
0.0
0.0
0.0
0.0
0.0
0.0
0.0
0.0
0.0
0.0
0.0
0.0
0.0
0.0
0.0
0.0
0.0
0.0
0.0
0.0
0.0
0.0
0.0
0.0
0.0
0.0
0.0
0.0
0.0
0.0
0.0
0.0
0.0
0.0
0.0
0.0
0.0
0.0
0.0
0.0
0.0
0.0
0.0
0.0
0.0
0.0
0.0
0.0
0.0
---Q-Coeffs---------------------------------------------
0.0
0.2754566276931302
0.6103831863811855
-1.0245207052710614
3.4163158804043348
7.683175113808437
1.0681263342463987
-17.938050049164193
12.413098307265287
26.290079066133412
-1.7295312677073718
-22.581000880388054
-4.442767532068045
5.142796481050065
-3.7949598435207013
-0.5397488992793141
-0.2184339915068882
-0.013054843722119529
0.020134135695376896
0.09377460336803953
3.0581054640250844
2.5803574165570717
-2.4028652165815587
39.22820022249242
39.381809718852104
-51.49821014104724
-54.95498494505969
123.71236642240814
109.24998091585354
5.743930664616329
-30.776388532161725
-19.48026544735427
12.832321117136845
0.34966030828902916
0.7461366469360096
0.3379169840593781
-1.5956150489684369
8.127812097987194
3.1605476004281376
-37.890449541756745
24.284349237695476
199.97212305336933
253.8838549410585
-123.0330065213946
-306.1541397550094
-197.1063123165932
-28.92569386105411
23.8830061167296
-13.157795747567837
0.6185861604174128
0.4550671219088772
-1.528737833983079
21.447386827864314
114.74286613939753
20.415045475778733
-211.43138178208469
-291.089618511746
209.00209214440676
544.141148425993
503.4688533390561
198.82711388511285
2.5588511917543926
18.22582664546483
2.148514570478811
-8.079390187635996
-28.68348955710993
-18.802873418366673
112.88519175309293
197.83459585174242
-215.43851579618013
-504.55857080159944
-436.4024670081511
-129.50102309828358
-3.832276599595302
2.2219302466766884
4.330015826131714
-27.997337003672584
26.588077967774456
44.764663324364
210.2974329359213
237.95070008711204
197.39124568189445
68.21774896383376
-1.145578144325592
-1.9238135470422373
-17.67068842451667
-14.588544874240545
-57.58996125559244
-38.42596881955108
-33.53269453454728
-7.000845289932639
1.5415314684173336
-2.4581704848450534
2.043914042587126
-2.4399825988957486
0.1721421937994153
0.5511364237591121
-0.49406091873409824
0.3803844725849062
0.08228672458195262
