AZ31B_Andar2012
SHYqp degree: 18
Solver: cvxopt
epsilon=0.01
---Convexity check with Hessian leading principal minors: min(det_1), min(det_2), min(det_3)
0.0, -1.2573275753879898e-13, -6.238273786429716e-13
---Convexity check with Gaussian curvature: minimum found  = 0.001006247575146237
---All stresses square root error: 0.0396
---All r-Values square root error: 0.0651
---Tension/Directional Stress: Theta, Data, Predicted
 0.0, 1.0000, 1.0000
45.0, 1.0303, 1.0250
90.0, 1.0707, 1.0586
---Tension/Directional r-Values: Theta, Data, Predicted
 0.0, 2.5600, 2.5600
45.0, 3.6600, 3.6591
90.0, 3.3500, 3.3462
---Tension Balanced-Biaxial Stress: Data, Predicted
0.9394, 0.9033
---Tension Balanced-Biaxial r-Value: Data, Predicted
1.0000, 0.9379
---Compression/Directional stress: Theta, Data, Predicted
 0.0, 0.7980, 0.7980
45.0, 0.7955, 0.7948
90.0, 0.7929, 0.7897
---Compression/Directional r-Values: Theta, Data, Predicted
 0.0, 0.1400, 0.1400
45.0, 0.1500, 0.1561
90.0, 0.1600, 0.1744
---Compression Balanced-Biaxial Stress: Data, Predicted
0.7955, 0.7868
---Compression Balanced-Biaxial r-Value: Data, Predicted
1.0000, 0.9890
--------SHYqp-Coefficients
---P-Coeffs
-0.12658227848101267
-0.39940283352041905
-0.45306300263397675
-0.4337806836508276
-3.1928814646208235
-8.649239764828309
-2.734836233109531
1.7908052428603916
3.2170864908659755
-21.039509496565653
-14.41297352485032
3.0073019696048284
7.2286115640021515
-5.775941080960093
1.032817517316109
-1.306620175555248
0.15032015550612127
-0.16957947968109116
-0.9012041789782288
-3.262839096822776
-6.157045534179486
-1.2780933949920117
-5.485861936026105
-56.23855643720904
-60.85236999259633
-21.147206664140988
65.13684264686034
-14.449043233869451
-75.88383443175596
-56.15300433738554
7.987324647902179
-10.994133474552738
0.6469988229266163
-1.5600418081771907
-3.3197753513542625
-13.740731486881618
-24.53638385823377
-13.73161444333888
-0.3658843476904508
-84.81972875342967
-155.64977378942746
-214.87916642852582
1.6952553945947142
93.00521124636505
50.22349308125094
-40.421055926522676
2.177253574717808
-6.011379417350553
-5.233779792192243
-21.671000121899716
-51.72955751743136
-66.19392211747738
34.14455125643442
1.9247168957466154
-45.58266157112551
-246.90010984263265
-223.84996347587446
-121.23213815024498
2.7837578242957512
-13.037643547391667
-6.5994155982198
-24.401191427298183
-78.59756413754614
-108.38204870468616
-61.24886594381514
-14.069590966509113
86.12030322737576
68.8243534788328
22.146492036676612
-19.16934765642272
-3.816594927494371
-14.731043966799577
-28.838355018220913
-72.34076024653301
-63.046301794688056
-78.09412453347416
-39.06089942941499
-20.258314977442048
-1.9615329382463815
-4.482984391213358
-9.38332550972007
-16.145231672450326
-9.959514227575426
-6.0636025315845
-0.5119311428517591
-1.0927138539473333
-0.06321092383848984
-1.0354781296714024
-0.07047011563662377
-0.13732009182744384
---Q-Coeffs---------------------------------------------
0.12658227848101267
0.14640664814518983
1.986615423479681
0.764429288242838
9.095700589917772
2.384250815808049
14.021773648642828
6.009022957540461
38.00420491840559
6.257934632978433
12.445568744929899
8.249017574569162
13.777901403834395
1.440570680320097
2.9037598229301307
0.9034258692196183
1.6559140540046446
0.09222582033374774
0.2423443901225229
1.2543654764375152
0.6028516371438217
16.986409691645473
2.4083366095195298
63.3983051592768
36.974574306759266
89.66942992319272
-33.87134188346668
175.28303081602476
116.51606113758938
76.1997358291486
14.069781002460175
46.57304257216313
20.04551851864968
13.855268414070903
1.5201423927456925
2.120116859583856
4.108484997459596
-1.019228081258925
51.55036796726309
2.5623186466793215
171.82673369048996
84.70359886956795
281.2369051673182
-61.21678819312338
180.1200537595827
141.66090016602104
178.5555372116981
49.20916335430666
36.070358199584646
7.243623112908628
7.864904888746032
11.614080017870558
0.010223825099534505
111.10263660410038
14.379213951490902
257.7926079660272
140.39031499597112
513.4555381071267
92.22416595362213
59.50098544136399
-23.257703065215537
65.11255407183671
22.68853524555222
16.619161884164445
14.285733139910349
-24.267353506714656
105.28915272680851
-14.41256747780345
178.49136042207286
-36.574090335733636
347.2523436562274
222.52233121948092
171.39498596010753
38.93297782350394
19.358487829189556
18.333371104176432
-7.430172988358514
99.11168447231277
17.612905081309986
118.10731900905745
-62.15021194920802
10.129801371904342
-5.471444830754918
14.309898845896058
10.928953344893735
-14.466095051610951
34.06730477674228
-3.38735656224379
53.80113463863764
11.252466203685621
9.156377948744694
5.736480478170775
-3.2797127691590195
8.051668803261387
-4.5233167946850426
2.9819193700195292
1.5218001436954403
-0.5780327072679203
1.1790264878679406
0.17460551574215066
