AZ31B_Lou2007
SHYqp degree: 16
Solver: cvxopt
epsilon=0.01
---Convexity check with Hessian leading principal minors: min(det_1), min(det_2), min(det_3)
0.0, -4.686806498455098e-13, -6.799836266351931e-13
---Convexity check with Gaussian curvature: minimum found  = 0.0005748890119232038
---All stresses square root error: 0.0450
---All r-Values square root error: 0.1752
---Tension/Directional Stress: Theta, Data, Predicted
 0.0, 1.0000, 1.0000
45.0, 1.0976, 1.0917
90.0, 1.1707, 1.1558
---Tension/Directional r-Values: Theta, Data, Predicted
 0.0, 1.7000, 1.7000
45.0, 2.6000, 2.5990
90.0, 4.3000, 4.3056
---Tension Balanced-Biaxial Stress: Data, Predicted
1.0854, 1.0435
---Tension Balanced-Biaxial r-Value: Data, Predicted
1.0000, 0.8689
---Compression/Directional stress: Theta, Data, Predicted
 0.0, 0.6341, 0.6341
45.0, 0.6402, 0.6398
90.0, 0.6707, 0.6687
---Compression/Directional r-Values: Theta, Data, Predicted
 0.0, 0.2000, 0.2000
45.0, 0.2500, 0.2514
90.0, 0.4000, 0.4022
---Compression Balanced-Biaxial Stress: Data, Predicted
0.6524, 0.6496
---Compression Balanced-Biaxial r-Value: Data, Predicted
1.0000, 0.8840
--------SHYqp-Coefficients
---P-Coeffs
-0.28846153846153844
-0.37832068921257533
-1.2104231440930922
-2.390233537892306
-5.23691295777578
-8.08823119622795
0.04840039302282805
-10.624997542382202
-8.475528365924275
-13.592664182000188
2.6519335094578262
-6.96898256918421
0.4718418054091053
-2.4901642748017774
0.06830685064580623
-0.34380624930866527
-2.0592444890795183
-3.117024603201184
-7.620599515477396
-12.645026074252101
-24.533562651755286
-54.268111264829095
-10.146814493235249
-29.464120662071366
-9.076437861150179
-50.07536850033709
0.31060473095806185
-16.490509302917307
0.24934666692455354
-2.644244731561162
-6.412434918153094
-11.575118250683783
-23.32329109335259
-30.577134815482182
-31.9516714516324
-119.50163210264304
-60.264237997643505
-68.73707595220688
10.020134871327322
-45.74325286544549
0.9332334593831397
-8.603036113800298
-11.140350821715721
-20.70248478761768
-37.14849004034983
-45.3206684429878
-11.433245046230613
-99.52977763050116
-60.49311545866504
-85.42246660986369
-1.8457622621693577
-16.222396153940668
-10.776266606413385
-22.21114401613829
-37.01102019088131
-54.60369660325823
-1.1838651711063861
-21.37142711211473
6.48120034473245
-17.853350001491425
-6.5655262592311985
-12.916125299279173
-17.280407425944468
-32.06974054999522
-13.124036133291414
-13.915627630389839
-2.1626827540455102
-3.9078699738248774
-1.9580941771410878
-3.8985430884944092
-0.32025120899504944
-0.5832370987608523
---Q-Coeffs---------------------------------------------
0.28846153846153844
0.228637286089339
3.2319079162112345
-0.20654306805426648
9.55555936129144
3.9788093801067417
19.292826463287103
-0.5939451326653691
22.84708669263655
1.2968929208987543
11.938802018652924
3.2872033847493043
3.1631830913604526
0.31568556497003125
1.9895172953446578
0.06631219567317403
0.3107704475226584
2.3416032889475877
1.090196417651038
23.467168028334207
0.5895853280573846
52.86939692691169
14.34809339545922
104.86532199846398
7.2114848718663165
92.25132409629029
12.00688718630147
25.881641162315393
13.264056451720723
15.439997764656026
1.1740373432837197
2.4894383865315564
7.170473903494193
-0.3700193956717262
68.30938623405649
10.870587939181323
122.62048091200074
8.255585719520603
201.79518056663878
10.799452182538143
133.7149906260295
62.25280543529231
41.0705934965629
4.02797986492016
8.531028019738283
15.540174675859582
-1.6853110814234875
108.24664472519385
24.946913358016424
176.88510431359418
6.145469456574941
192.10104586658815
13.656981264207658
48.006133363741576
13.642492102398746
16.41936048491492
17.802842371981765
-12.235560558365842
95.18927576662253
27.893588592110614
151.70582092796005
-10.592437057571553
74.60290039539822
24.908934989440844
18.651878093497658
15.337937551482165
-9.307736230058792
45.60807773779283
5.388126437840134
65.74497739895446
10.22208348772114
11.920276921776235
7.94054202455759
-4.128207611820871
11.325066046342311
-5.955469395718934
4.702687230429625
2.433621787321367
-0.49823672734563823
2.084355923108851
0.31211175884367726
