AZ31B_Andar2012
SHYqp degree: 20
Solver: cvxopt
---Convexity check with Hessian leading principal minors: min(det_1), min(det_2), min(det_3)
-7.105427357601002e-15, -1.056932319443149e-13, -4.5140280402478083e-13
---Convexity check with Gaussian curvature: minimum found  = 0.0009671883731347052
---All stresses square root error: 0.0272
---All r-Values square root error: 0.0795
---Tension/Directional Stress: Theta, Data, Predicted
 0.0, 1.0000, 1.0000
45.0, 1.0303, 1.0264
90.0, 1.0707, 1.0614
---Tension/Directional r-Values: Theta, Data, Predicted
 0.0, 2.5600, 2.5600
45.0, 3.6600, 3.6583
90.0, 3.3500, 3.3496
---Tension Balanced-Biaxial Stress: Data, Predicted
0.9394, 0.9239
---Tension Balanced-Biaxial r-Value: Data, Predicted
1.0000, 0.9240
---Compression/Directional stress: Theta, Data, Predicted
 0.0, 0.7980, 0.7980
45.0, 0.7955, 0.7950
90.0, 0.7929, 0.7904
---Compression/Directional r-Values: Theta, Data, Predicted
 0.0, 0.1400, 0.1400
45.0, 0.1500, 0.1564
90.0, 0.1600, 0.1732
---Compression Balanced-Biaxial Stress: Data, Predicted
0.7955, 0.7756
---Compression Balanced-Biaxial r-Value: Data, Predicted
1.0000, 0.9820
--------SHYqp-Coefficients
---P-Coeffs
-0.12658227848101267
-0.39940283352041905
-0.34470798171387307
0.013211161864745974
-6.53341266931939
-16.228000589168175
11.532033874339088
25.620645233941715
-44.468932312981366
-88.01461936094425
44.780332532096324
52.24223910759929
-34.391898414227384
-32.77726687236515
11.095570303217658
-4.206544775046854
0.8881234546599419
-1.507638898493333
0.13578698454184435
-0.1643091341167997
-1.0528542975564619
-3.848214908459898
-6.428205862015185
4.805940325724669
-16.122782238487833
-143.7204874676867
-88.58729497338567
212.25944453968057
155.44256410415653
-466.1743609950352
-276.00343465941353
165.4132619677408
110.70624244536066
-74.29828598477496
1.3518782353640193
-11.825741124093282
1.07068147268199
-1.597652820627813
-4.233991451068542
-17.622527236304872
-32.826932877585676
12.72034389395958
38.28894741998699
-341.69286634944706
-619.3959882141946
-12.810335666357869
873.5822613899769
-63.94753204948038
-748.8858612161691
-369.08436414931884
41.00814240511901
-53.87373774075871
3.299390659580917
-7.371986922070015
-8.024933074220197
-37.23742928069311
-102.23943688580364
-84.0102677434679
221.61103811334232
-42.12220000193831
-901.5726529742911
-1198.0726903513312
371.1783665515094
861.9617348698515
334.62018068688616
-113.24149319082386
0.11053030008510878
-17.557753816789663
-12.743388095034307
-46.59028086339819
-161.07961081368856
-217.93261506219216
79.27441589359661
361.8423022419917
-19.166757757939067
-1125.1898939754456
-1093.6788067447787
-388.97129015860725
5.560826927899509
-31.881761434316058
-9.426401545781209
-40.56651896931849
-117.23911733597292
-273.42637010406827
-190.56425465489198
141.66534248240293
582.5887664498849
356.43753497561715
81.27313205933206
-31.83991144547372
-6.214403305159111
-13.895813934399412
-42.812259889896346
-130.79001985917694
-200.0408342367889
-235.1623183844494
-113.78455150906879
-36.461324275983074
-2.4367819843040674
-5.177384332630352
-2.0039136115854954
-5.34261667524985
1.929358382776418
-3.8556144469678664
-0.648224438327519
-1.3187310011884965
-0.6708025394950063
-1.369771398764204
-0.0674149233004143
-0.14720373092347297
---Q-Coeffs---------------------------------------------
0.12658227848101267
0.14640664814518983
2.445784030696103
0.8890640015220914
10.132681787675441
0.45814898710967467
28.23169706038304
21.542522482091627
52.529645698919
-21.66364529262118
40.07211805319781
47.18330405522998
48.69648307669303
-6.475474082309986
4.627561806161183
6.325375715549577
5.97649664566913
0.5830970194684095
1.9078765202591215
0.08164397049286319
0.2462241877563366
1.3557787801079502
0.565100542740348
22.967585604827594
8.345482878436183
86.20868277075519
5.434167194607492
161.2112071649557
78.77768557567786
418.2211974241915
63.495517592972895
128.05025608202504
64.85849693912114
213.32513380084663
87.02287283733278
46.8419087564007
16.515041362723085
19.087924467852808
1.7067421875629418
2.4142959884716166
5.257194461018334
-2.3966202614044905
75.90681512360605
7.593412624492366
314.83693199833476
109.39125561028655
423.28702385595506
-126.48663474952215
884.4653450084892
517.8267976014704
406.6335782444504
-52.40363988575389
153.61541008518984
96.82763490374508
60.96169643939058
7.667512308962461
10.408046489720112
15.275994022085568
-2.9760751018814293
199.53022407811108
85.04798204125403
630.1231132146843
223.9031913089072
933.3230898972067
-104.3682125193917
727.6237602470175
519.2908817287272
745.7654867399018
264.78362195917543
144.6203692418801
27.694145801945552
25.092503470591634
27.1980142305878
-42.61428166524163
205.17273442626473
-69.69327671354284
594.0454789673603
175.80394841879988
1146.6892917164785
32.370980469876926
90.92731601498522
-226.281481278721
76.09410990431275
49.1493525284385
37.642929257883175
33.56342671088858
-23.491854905510476
263.12059273492207
0.1231790805619883
474.7776460967269
84.77033375038717
758.9476331968904
459.3387344299234
402.97760748940976
101.53473249826857
39.06512693983667
29.114808273793937
-38.97409641459349
107.0346033363128
-35.240812270192784
172.64049811170085
-132.2471095146453
16.968491088680867
-21.42307792746193
16.686179230884193
18.603093969898627
-17.48790022300958
55.78413396247427
-8.597619432756982
72.46852876502187
8.851001499335307
13.162923023784685
7.293613199920003
-4.516126294566473
10.03734992741042
-6.344265139302251
3.9239269174777296
1.8005099867674992
-0.5446567879483166
1.4635790019243342
0.18613972937558423
