AZ31B_Khan2011B
SHYqp degree: 18
Solver: cvxopt
---Convexity check with Hessian leading principal minors: min(det_1), min(det_2), min(det_3)
-1.4210854715202004e-14, -3.623767952376511e-13, -2.723821168615359e-12
---Convexity check with Gaussian curvature: minimum found  = 0.0007301996893364031
---All stresses square root error: 0.0426
---All r-Values square root error: 0.0596
---Tension/Directional Stress: Theta, Data, Predicted
 0.0, 1.0000, 1.0000
45.0, 1.0724, 1.0658
90.0, 1.1557, 1.1378
---Tension/Directional r-Values: Theta, Data, Predicted
 0.0, 1.2916, 1.2916
45.0, 2.7206, 2.7222
90.0, 2.7618, 2.7740
---Tension Balanced-Biaxial Stress: Data, Predicted
1.0779, 1.0398
---Tension Balanced-Biaxial r-Value: Data, Predicted
1.0000, 0.9427
---Compression/Directional stress: Theta, Data, Predicted
 0.0, 0.5606, 0.5606
45.0, 0.5430, 0.5426
90.0, 0.5900, 0.5883
---Compression/Directional r-Values: Theta, Data, Predicted
 0.0, 0.2000, 0.2000
45.0, 0.2500, 0.2513
90.0, 0.4000, 0.4020
---Compression Balanced-Biaxial Stress: Data, Predicted
0.5753, 0.5735
---Compression Balanced-Biaxial r-Value: Data, Predicted
1.0000, 1.0106
--------SHYqp-Coefficients
---P-Coeffs
-0.39188784673717836
-0.3800209347212244
-2.1628420035799834
-4.258923625901549
-8.5122528082471
-10.256272128367224
-5.353131609036331
-33.30593771109326
-19.5972272644289
-23.753867323416483
2.79491320389151
-33.01226454742935
1.4278567364011194
-11.485571772741942
0.4656775147384224
-3.6652203021760092
0.053011465480271865
-0.45547984787473117
-3.2079888472010714
-3.720934726307723
-14.675019982215163
-28.27355237984829
-57.925289401794075
-95.16403137753657
-12.703305906008836
-104.88462439929746
-88.84488129660429
-190.08879340912029
-6.643789962748676
-94.71643926735563
-2.7677924911611904
-28.241319434312004
0.03958290874124296
-3.9413791105013756
-12.267821528501585
-18.587366411199646
-45.44221045432679
-68.09119361994
-153.51749322834834
-345.33399975909435
-115.58674414623877
-162.44691636740862
6.752577788292049
-252.52855086109653
4.686953792117789
-93.76008487769745
-0.42846419423297144
-15.22330577720846
-23.966866588330817
-37.56348839302041
-84.2947364662295
-126.54193212673432
-106.5751740391679
-403.1685568141118
-268.69733299071106
-383.76475930911045
-15.239515113971825
-183.7225541107709
-6.635544414195684
-32.359090989175634
-32.15768524729399
-59.97989346364487
-119.71347726492837
-153.9195454894778
-39.75328188659982
-227.49929488129598
-122.05148170229059
-222.1466805531615
-1.555319071738141
-46.4155062655416
-25.719929350767472
-48.37488199587355
-78.26302116133745
-125.84059265233263
-22.955984236867664
-74.82133158381977
8.74475016108235
-39.768105655676344
-12.610483656545096
-24.388422013517243
-31.302641450118056
-56.91305262126627
-22.53424432699334
-26.116547271152168
-3.674443956738078
-6.594961802932543
-3.378329586234188
-6.536866330295246
-0.46550033876793223
-0.845729637405925
---Q-Coeffs---------------------------------------------
0.39188784673717836
0.3065546498129965
4.806353488032169
-0.7339028092484832
15.142173455707075
10.093138979241944
52.02371723588048
-14.523860314359945
23.32738932060837
28.200023299928624
96.37489774308573
-8.155852729498859
-1.1034388869482785
5.3015354290119
12.546292613008733
0.21532201020328956
3.334548495087954
0.07066327462185612
0.44635261793312425
3.653139896763823
1.7441617015362245
41.221891174416704
-0.9196792065678012
92.09388587921109
27.969895893693206
369.9905017333269
74.49745610349608
68.47483493553152
-142.4555577208787
358.1285742979752
210.64331042451497
93.43386994083143
5.658817952385586
28.95438111031338
1.5628457287996638
4.105637701791515
13.311985768264485
0.4788813656732534
142.6554569646643
31.411380654488017
277.6241819753191
-148.4463277808964
748.2540254815083
633.5019056599552
752.3782305292088
-411.90912046804743
-75.66540772320522
50.30124362073964
118.37688665424076
8.864313455388567
16.325480479860122
34.367186587148666
-0.7625670592735967
284.447908198337
121.05271299113295
607.2311023246513
-260.04629055409197
439.10419620284716
274.1787971822038
1239.950149977171
513.3186637929381
227.14244595065136
14.746204826660591
37.807260689116546
47.66901684246377
-32.72520777170995
300.08806363475304
93.98593109249045
792.672481620549
85.66251079687203
254.15226955412365
-437.2695877997946
14.240195274429455
20.566687435055716
54.392519918085696
52.76770672843868
-17.17074375473559
216.69926526234372
27.768341161936114
449.27348219255447
181.56327699629023
390.2422133154534
95.67463894235459
55.11120249671325
34.97558345522556
-19.743828435155418
99.7534884918743
-26.485205539581433
89.57407059425974
-12.864115772179845
23.848578104869826
15.936045535523492
-3.5229624770442713
27.43996548709533
-5.766003598274233
12.814113512720445
4.238559729551793
-0.6459067520822128
3.7885540626822327
0.47741853153468494
